22.2825    46.4716
20.9288    41.6838
21.4162    42.3975
-3.05725    18.0766
8.36917    32.3546
25.4952    54.3537
3.18432    35.9314
-10.8902    21.3899
17.7299    44.4753
16.5772    40.3198
33.9067    64.8844
24.5533    48.9074
5.97425    30.7138
15.2447    20.0952
15.0376    18.5936
8.27681    32.3591
32.1884    51.8844
36.7246    46.9002
7.2271    29.4175
5.34339    26.8477
-6.35658    14.0385
10.0097    31.1143
-1.28994    4.40895
4.25039    26.8486
-11.7413    18.8598
-12.7441    -3.60056
18.1611    36.1464
8.81505    38.5838
-1.81534    25.3704
-31.6497    -0.827589
-8.59192    13.9266
33.4723    57.9509
-22.8968    0.136895
31.4282    59.4462
12.0627    35.6896
-1.76049    22.0218
5.20267    26.783
23.996    40.6339
14.6471    24.9728
12.7111    37.9506
29.0864    37.7874
20.0452    48.1365
10.7368    37.6232
-4.23228    27.2861
25.2365    43.1648
-5.30091    3.7934
12.3603    34.3737
6.86816    24.2438
10.0378    17.7476
9.75969    29.5636
29.6508    42.3388
-8.57158    9.32268
3.00415    28.6974
36.3187    56.5302
6.67853    31.1975
14.761    49.4493
-16.276    0.338142
-21.6441    7.54175
0.6492    22.1331
5.21429    18.4294
-22.1069    -0.0289982
-1.72639    21.4116
14.8226    48.5755
26.3013    49.8636
27.3875    44.728
5.87264    34.0799
-4.16575    4.36794
-5.68069    16.7774
-19.963    11.0231
10.9251    35.1157
24.6054    47.8082
-7.51894    34.1461
15.7333    17.2318
4.86898    26.6792
21.8786    44.5265
-3.09075    20.1167
18.7304    44.8349
13.4539    28.4985
2.68336    26.2361
2.90814    16.5696
8.73266    22.4368
16.8599    30.3889
28.8383    38.221
-24.9889    1.50846
13.9739    18.7635
26.9926    51.6924
-18.7017    18.4181
41.1447    56.5403
1.07913    37.1531
4.30233    36.5287
-2.11958    21.472
-15.3687    -6.44522
-8.8352    32.3167
4.70385    22.6086
3.71455    30.0994
1.26622    28.9093
-8.85781    3.00724
-2.88327    21.8342
9.90201    11.5246
17.5964    37.6245
-5.83241    27.7521
-16.1179    6.47134
20.9371    32.9527
-0.667055    40.2042
22.8846    34.5042
4.33744    33.9473
12.4528    30.171
-9.40583    16.9918
11.8353    30.453
-6.96518    12.2588
12.1274    37.0615
29.1212    39.3041
10.666    40.2175
7.05987    27.4075
-14.1364    9.35472
14.1093    32.8821
37.6232    57.323
21.3614    30.4104
17.4009    45.0261
8.48054    26.4631
-3.05114    10.9092
11.4394    24.7983
1.1459    3.601
26.238    45.1133
26.5395    38.5639
16.7543    45.8534
42.5287    44.6942
22.7577    33.1926
-1.89766    18.5531
9.41577    37.8081
20.1988    49.1849
18.1029    38.8974
32.4415    43.3166
-21.4627    2.96981
-3.67947    13.1908
2.23501    28.0913
16.7247    40.4772
16.5473    35.2061
34.041    43.7293
17.7407    38.2401
30.0661    47.2675
9.73041    32.795
12.0413    26.2851
9.7542    19.8652
-6.83396    25.8953
11.471    30.1191
10.7937    37.8386
16.1703    29.5058
24.0278    44.9515
-15.0599    4.88665
17.203    32.1048
7.44029    40.959
4.68256    24.8729
-5.68614    35.425
45.8247    60.7487
-3.92098    9.27978
13.8393    19.5782
-9.09449    7.83605
3.82969    4.97243
29.9768    38.0011
24.3315    33.2429
-5.32692    2.48446
-10.0692    30.6709
16.9096    34.8022
8.34603    22.108
38.0424    52.4227
18.5982    51.0434
9.89799    38.8569
-22.5523    0.620289
8.94274    43.5689
19.4065    52.0804
16.5642    26.7627
50.968    66.1164
-0.321664    31.0822
34.3794    58.1314
22.6629    31.091
26.7134    42.8359
2.33168    29.9253
4.06222    28.5674
-4.53163    12.2862
9.36917    29.5323
17.0132    32.9909
20.9507    21.3344
-14.5028    8.8613
-6.70215    5.74673
9.68324    30.5134
12.8941    43.2476
-1.64331    1.0192
-4.5513    15.4187
16.4392    59.2758
29.7901    47.8995
21.6252    39.7546
-31.2927    -11.4495
-2.84845    14.6724
16.7974    42.5566
12.9839    24.8341
21.3712    45.4081
-13.3393    7.10573
9.91961    31.0904
-1.83198    20.1102
23.1866    43.3832
18.7205    31.8531
1.92459    37.3485
11.8625    31.5123
13.6626    39.9817
-1.0113    19.8047
5.60174    33.5606
9.93085    44.707
3.46611    11.8967
16.3022    37.4874
35.3486    53.5219
-1.69092    20.3948
7.8352    19.3696
16.4343    48.3943
21.2512    48.4013
14.7121    35.8919
-0.108365    23.0593
2.54549    20.2342
-10.3042    20.8073
32.8415    43.0613
25.553    49.9132
5.77182    36.3578
19.0407    42.0917
25.5257    50.0877
5.09994    27.7341
18.8431    23.8482
46.1716    62.3349
37.1814    39.8481
4.28154    15.7681
22.0003    42.0308
-23.2022    29.5126
-4.4559    18.1409
9.91579    33.6388
23.3757    42.5094
23.8327    27.5376
5.86423    25.0311
-3.61755    32.3836
8.37948    39.8376
3.90105    27.2104
12.0676    18.3394
6.29218    19.6351
31.5227    36.4096
32.4756    43.5917
2.47197    32.2181
8.05108    31.3445
10.5593    24.1985
-7.59735    6.66986
13.5255    37.3663
14.5693    38.7749
-4.19912    -0.851507
2.99964    25.1138
1.52816    22.8293
18.7865    40.919
16.3056    39.9682
-22.5216    20.4872
-0.73855    26.0627
1.98369    23.4522
10.6942    16.1633
18.3107    39.6511
16.9929    37.0905
9.76619    35.2255
-0.355475    16.8704
-16.0616    -4.01091
4.53668    14.2828
7.26886    17.4139
22.4242    23.739
2.33279    15.7902
17.7665    40.2699
52.28    61.3009
8.89357    31.3199
29.1263    49.8524
-9.53311    19.0135
4.29546    19.69
24.2444    49.9826
-13.3611    3.79399
3.70711    20.7764
19.6787    41.9037
27.4112    61.6206
5.31681    38.0596
-18.5779    -2.47865
21.7577    32.1144
2.11875    13.8195
-3.15469    24.1515
6.46862    36.1472
-11.2724    7.52027
-30.3958    5.74227
-0.836611    5.33089
-4.2781    8.83596
17.7005    29.0703
44.3551    48.6793
7.04808    24.0436
-6.24008    19.2581
23.7561    42.8725
5.49558    32.5552
9.50535    41.5409
-7.96661    10.9696
29.81    54.5096
14.1286    30.9022
21.322    39.6
34.1657    55.1884
14.1489    35.9004
-4.74146    23.8302
17.0052    29.4799
13.0362    33.4825
17.4203    26.93
-9.88582    26.1234
10.3451    33.2642
17.7781    46.7499
13.7744    25.7264
1.30558    20.8596
35.0492    30.2917
-5.45338    29.7228
4.84189    26.6128
-4.00087    15.0268
10.4241    27.2208
-8.95244    24.1339
22.9064    53.1064
9.51107    30.5829
10.2458    22.8613
25.3963    54.4638
4.27356    34.8385
20.1201    41.0115
35.5446    57.3678
25.0309    45.8409
23.327    15.0213
31.0288    52.6197
-3.32725    17.4787
10.2752    42.2924
32.5901    56.694
12.8699    51.1823
12.8246    34.7889
40.9976    59.8336
35.217    56.3535
0.557011    24.6029
29.8913    44.7051
26.752    29.114
19.6095    50.5039
19.1444    32.4079
23.7826    35.3405
6.60698    21.48
30.3167    43.8636
44.7726    61.1222
28.1029    49.7392
9.33258    33.5728
21.9386    43.7887
19.8771    41.6653
20.3917    33.2009
-10.0016    6.00364
28.6152    51.9569
27.279    58.5988
35.7681    36.6364
47.105    61.0275
29.5224    39.7928
9.29392    18.1665
34.1874    51.3697
12.9925    31.0286
0.534261    17.7455
13.3341    37.6356
52.0937    60.9592
0.924823    13.881
8.4853    21.6491
1.81114    35.3847
3.46871    26.9338
33.0772    36.2842
5.55871    26.2009
14.9073    23.5112
8.31847    37.3726
12.0141    39.444
22.5541    61.0193
-17.1041    1.61007
22.5667    23.5684
10.393    25.789
-0.951235    26.3979
18.8998    38.7837
9.9759    32.9923
-16.0984    1.58894
5.48433    33.8183
5.49788    31.7187
33.3497    44.0154
5.41805    33.0212
8.78065    28.4946
22.068    46.439
34.5572    48.3692
19.2609    40.6673
-17.4315    -7.26773
9.06881    42.4316
18.1161    38.0288
-10.5226    16.3818
15.3577    26.1921
-4.84322    27.7511
-4.06975    24.2519
-5.87378    24.4056
30.5657    45.1126
0.684341    28.9759
32.435    48.1879
20.8303    43.6609
2.01912    27.8664
7.95828    24.0607
14.3181    27.1537
1.96621    17.9998
5.69959    24.8061
6.66642    36.0323
10.8003    37.3753
-8.19177    1.6697
-9.22096    27.1509
9.57871    19.85
-8.48254    26.3601
30.5354    50.738
-6.46542    4.74933
2.89978    25.0801
0.619846    15.3866
14.0065    21.7311
5.29195    14.0329
0.639722    22.2008
0.371545    13.2927
18.3364    29.8264
26.8481    31.8762
31.1296    37.4418
0.140428    15.5842
-5.4202    12.8983
12.5826    33.3522
-3.34332    15.9535
33.4912    39.0645
51.4748    69.7309
-10.7401    9.42379
-6.39317    20.7516
44.6514    58.8076
10.7776    28.2076
9.48275    41.3023
19.2382    31.8555
-6.12631    13.9441
15.3161    38.4565
-2.33105    2.78495
21.5835    44.1708
9.68581    31.5824
-3.98329    24.9074
36.9004    53.6919
2.73672    32.8102
49.4796    62.0756
-19.4683    2.82837
19.563    32.5761
38.2288    33.5394
3.99415    12.513
3.39948    22.553
-23.7943    1.49091
3.56081    25.0591
-11.0671    28.9105
-3.35739    12.3932
26.2294    50.637
21.7881    34.7165
14.0114    28.6799
-2.24693    34.7699
22.3619    56.6625
8.94474    30.9225
20.8726    35.7989
4.62463    27.2262
3.42403    20.6016
32.561    59.8793
9.41816    15.9673
-3.25146    20.0993
-2.72959    22.5238
-2.09214    6.37498
2.0908    18.1147
3.96356    17.8501
26.4293    32.782
-1.1444    12.5056
9.40867    41.9425
23.7033    43.2487
29.7382    44.8069
6.37078    31.7059
3.45708    31.3845
7.45348    40.3788
19.7661    49.2921
-9.64382    18.2539
-3.39293    10.6366
2.50389    26.576
-4.77814    21.0291
-3.08684    25.7518
6.12939    24.3166
31.0708    48.697
15.3684    41.9389
16.3567    29.8136
19.0322    23.5301
17.5502    43.577
16.646    33.3918
34.9177    52.186
-9.6377    11.1789
22.9411    48.5062
5.36648    30.8329
-11.1039    -1.47253
-4.35984    31.5581
24.0054    59.7438
-32.2152    -0.701823
17.5015    28.0878
-2.15914    17.5101
24.1801    58.0515
24.7433    34.3531
8.74268    33.6326
3.14489    13.9088
0.864249    14.3279
25.5583    49.0554
32.334    60.5188
26.2192    39.0521
19.3867    25.3129
-2.42136    28.054
10.8751    21.3102
6.2749    21.1707
9.40564    25.7758
8.04559    18.1311
1.92335    31.1466
9.73373    33.3405
-0.672512    17.2918
14.7283    36.7077
21.6077    32.5285
15.8906    43.9428
-1.2674    24.9814
3.341    22.2532
17.3717    50.0769
-2.20322    18.4466
-11.176    13.7781
-1.58081    27.7508
12.5846    37.5118
12.8023    25.7201
30.0869    45.7842
7.13121    29.1394
15.678    22.3954
23.8549    36.0242
17.2331    25.6735
10.0949    37.2343
-9.68945    4.77726
10.9519    32.9665
2.78992    6.08827
-14.7954    11.6414
10.3738    24.4325
11.3413    29.9196
-3.19641    15.6454
56.8741    85.1476
13.4363    32.3716
15.7822    34.6442
-13.861    1.12957
4.48842    24.6116
11.9005    40.7342
0.202839    16.965
5.42302    28.1107
23.6621    55.3381
-16.3884    -5.20168
44.2102    57.3331
17.1071    29.2762
22.7976    32.5763
1.74497    22.8185
21.9944    45.4952
14.8257    41.2933
20.1057    39.7996
47.0186    57.9562
16.8912    36.6361
19.1484    48.0147
8.7611    32.1005
23.3057    45.7752
20.3671    56.9364
19.6222    32.8496
13.5314    35.7
2.41176    20.6119
7.19253    24.3225
4.95259    31.5962
6.68735    27.7404
5.07241    20.3275
19.4151    40.6287
-15.4303    -0.759933
31.9986    53.3591
14.5602    37.6051
17.9471    31.093
7.11753    31.894
5.28299    40.0774
12.662    34.177
1.35214    24.021
-24.4026    9.08362
-12.2572    -6.33129
-14.5511    9.89238
-10.6705    -7.50857
13.9128    43.5046
5.62184    32.6196
19.2656    52.4324
8.01546    25.7922
5.84351    13.6245
25.9105    35.6082
23.5054    31.5726
10.0504    37.996
11.6292    23.9986
11.251    26.981
28.5794    53.2766
-4.62865    26.695
16.0878    38.3409
12.6411    20.3871
8.77473    13.4481
7.58345    37.6062
5.05542    21.4726
13.5236    36.3934
2.92081    30.7911
-1.39235    11.4764
-5.27282    29.742
10.8392    17.4984
2.02858    20.0206
10.3578    16.8115
-14.5323    -1.53061
17.4023    33.5997
17.4269    9.56664
-12.4249    12.3392
5.21919    30.4051
-15.0161    6.93657
-4.66682    9.59083
13.6687    29.0862
13.1983    47.9493
-0.407048    13.901
20.4526    23.4199
8.39126    16.6573
6.01263    24.0868
-18.0417    22.5659
-6.4724    19.9217
19.9026    56.9479
11.6274    39.5691
-23.5799    -5.23011
-3.04031    19.403
-0.499709    13.5748
21.357    38.9908
-2.17256    34.0792
21.5871    36.3484
14.802    34.8039
11.094    21.9641
-2.93015    19.2496
6.73199    20.4894
-8.7967    23.8227
25.7616    44.4943
9.58035    28.3566
-10.9497    4.1917
-1.03267    15.1841
21.8878    33.9908
6.3453    18.1822
-3.73504    8.52172
20.0963    40.8394
3.69534    24.109
0.0307191    18.2491
28.2436    39.2723
-0.152508    4.47933
5.37868    22.4246
-7.79896    12.2727
-3.23018    14.5555
24.4287    31.4318
30.5472    52.0634
-20.2821    5.74911
5.51051    18.5237
-7.11127    21.2649
1.50985    23.7192
25.6851    36.1789
-2.38897    29.8245
22.8182    36.7245
31.517    60.5385
21.2961    47.8629
7.56848    34.5749
12.3918    23.6109
31.6731    43.5503
6.82162    25.0845
7.9011    26.4841
7.66523    23.9148
34.7357    47.1017
28.966    40.6594
7.79881    36.262
2.33158    20.515
14.9624    38.386
7.90559    35.763
-9.6764    19.3545
-9.88778    27.3422
11.3835    30.8098
11.2651    28.3278
5.36708    17.7471
25.0607    52.2865
26.9593    37.1243
9.77113    30.1676
26.5984    37.268
7.68259    30.0782
13.2561    39.949
2.15304    15.8239
3.39776    26.5052
-11.3943    18.9168
22.1025    37.5447
12.9196    12.5555
3.22743    26.9181
17.2591    43.6025
12.8051    32.8681
-4.34738    16.2891
25.1579    49.0751
6.96106    26.7577
8.11472    22.495
13.3246    31.4129
4.13037    16.4155
12.0268    21.6161
4.83986    22.9287
4.22138    23.0479
12.649    33.1489
8.19657    27.4434
22.3177    45.5411
0.856532    15.7322
-12.0859    15.5363
-0.10727    28.4281
17.8268    32.9645
38.4618    53.0289
27.5946    41.8929
38.2587    46.1042
5.59465    11.4373
15.0673    45.6479
13.1917    23.2978
21.8414    36.0329
31.1662    54.1819
46.8997    59.3674
-1.76652    20.4287
15.0249    42.0217
36.0314    35.6498
11.5567    38.9858
10.6602    21.0342
0.0623413    21.1372
3.92707    25.3273
28.5206    45.3823
28.7508    50.8731
19.0289    46.4933
9.54806    16.0689
16.9049    49.8526
-13.3513    15.725
37.5507    50.2539
-6.65836    25.1644
18.7177    43.5204
-14.4747    18.8948
16.9271    42.9288
-5.62572    12.9868
16.0512    46.72
5.55974    27.9755
5.44881    32.5758
19.5509    36.72
4.9216    14.8285
-7.42217    12.4309
4.16597    23.9804
-8.4402    -1.4074
16.6305    50.055
14.5727    34.2896
-5.20839    12.9777
15.1786    24.1471
-5.36837    8.72835
13.4036    35.3253
16.918    19.3039
17.1902    40.8445
-3.45833    14.1381
18.6405    27.9091
23.1435    39.2424
12.7865    11.3109
14.0524    36.9612
42.6049    63.8642
13.0402    31.4554
8.77776    41.3734
5.13646    25.1719
-4.27273    30.5943
1.11262    21.1553
12.8559    33.749
21.2593    37.1439
23.3879    22.704
32.1484    49.806
-5.47063    8.48312
30.1631    50.7014
28.1803    42.9089
2.14845    22.9032
35.9788    46.6484
7.3541    28.0563
-19.3072    13.5671
8.55662    27.2867
-4.84988    10.8007
-5.4777    8.60937
9.78781    43.4027
37.2269    40.7756
15.3502    32.5025
2.13507    31.2389
8.3174    16.7244
22.5086    46.523
-9.62586    12.0168
15.4457    30.4231
25.7584    59.5107
9.15468    36.2915
0.494423    26.4702
18.4328    35.42
15.9593    27.5965
19.5701    53.6435
2.31247    22.2921
-9.94561    27.0775
12.1057    30.2542
8.88859    27.934
4.48226    14.7135
11.8162    31.8007
16.5812    33.8536
25.7293    43.6369
-11.2751    7.34223
4.33215    12.3174
12.7194    24.0564
19.5709    37.9823
8.0732    31.737
27.6075    39.2496
18.5918    38.8055
13.7957    21.0895
17.9799    34.9133
22.7634    52.3631
15.3543    24.9712
13.2653    30.8407
27.5223    63.9584
4.83359    25.778
10.9388    38.4259
25.3519    43.8415
10.8174    18.8795
24.3506    43.5721
26.9255    58.3399
8.9858    36.8774
1.60584    8.4766
26.9936    45.6335
9.06849    28.3163
28.9578    52.2401
-8.93311    24.5768
15.2835    26.4217
17.4977    35.7852
19.9105    35.1118
-0.417346    17.438
3.8665    39.9169
3.11364    15.7242
17.7658    41.5576
14.7376    40.6078
31.4949    49.9714
3.59197    13.4875
3.62048    18.9406
4.1094    35.5117
-5.1935    35.645
-0.612222    15.5462
32.4611    63.7446
-7.26694    14.0496
21.3466    34.8844
-3.48982    13.6652
14.6803    41.2947
9.14978    22.8716
2.11451    32.5004
9.9512    29.8511
27.0052    37.2166
19.5661    38.1981
4.44276    24.3146
5.09105    38.2117
18.8733    31.8184
13.622    38.2657
24.4643    34.215
4.09363    27.6644
12.9695    20.048
-23.9929    10.7899
25.8204    39.4751
-5.39581    24.0064
0.39104    40.9391
6.45935    27.8931
-15.4673    15.4703
-1.5331    13.7272
6.35071    27.3378
7.22812    26.8952
20.6323    53.9815
-2.59897    14.3701
12.9155    32.3225
13.8033    22.1765
18.3531    44.9343
8.8327    37.2717
10.8063    28.812
-1.54629    6.07986
6.61327    21.6114
23.803    48.0145
13.4933    27.2486
19.8259    38.5439
10.3788    16.9594
23.1466    42.7718
-2.20652    18.8572
20.6228    30.6383
-10.001    7.99976
4.84453    19.3395
11.6242    47.1683
22.4591    40.4303
11.1396    27.445
-18.1693    19.1205
7.37994    29.5965
30.978    42.627
14.7979    33.6511
22.6846    34.8376
44.6785    60.533
35.6895    50.6806
15.0642    35.559
24.4278    34.1531
6.49055    26.0171
5.39412    31.3316
-0.452424    10.6378
-5.56806    14.4409
10.4425    40.1489
17.2813    49.5753
16.296    45.9247
12.0415    50.3138
-6.64317    10.7664
-8.35978    13.3573
-7.13841    8.56803
-33.8967    -11.1
39.7305    67.8872
25.083    46.8919
24.7218    38.4886
-3.30594    26.3517
20.0489    42.2963
1.29507    21.7892
-5.47564    13.4135
21.2877    36.3925
29.9342    64.7589
5.67752    16.3383
26.0474    69.5374
25.1559    57.3819
7.39397    25.7353
10.3703    34.8229
-3.11035    17.3646
15.3854    19.3288
19.6434    43.9212
9.29687    37.4136
12.5511    33.501
0.112608    19.5322
13.6096    33.4552
8.41355    22.0221
9.21254    28.2116
7.53146    26.3636
-10.1285    4.66872
-1.84642    1.74758
20.8781    50.7723
2.28921    37.825
-8.61182    16.427
9.01744    35.9424
26.0293    39.0217
3.94489    33.7628
12.0201    31.0228
13.8038    42.058
35.854    68.1296
10.9128    11.6818
9.80851    20.6944
2.04212    38.9533
8.85479    36.7039
21.408    40.7632
34.4895    38.7298
3.03899    33.5484
4.77747    25.8959
4.53405    22.0129
8.26553    27.4446
7.73902    31.2665
21.8867    37.0022
19.0647    25.9622
-0.58919    23.1081
-1.25765    12.9601
0.575639    16.4127
16.2069    48.2967
10.743    25.0684
-16.1975    5.818
16.1952    39.2393
21.3951    45.7327
17.3126    37.4131
-22.5542    -0.278352
14.266    40.0669
15.5886    41.1456
-3.39879    25.9919
40.127    47.4289
1.85213    19.3746
3.93014    36.2245
9.82206    34.3075
44.0908    69.3659
2.78896    20.7425
15.0173    35.7714
39.8691    51.5996
-6.12473    29.1023
3.38734    23.4054
5.09538    26.9728
17.6331    33.0835
15.7164    42.8946
23.4012    44.6878
25.0679    36.0806
53.9853    76.5993
11.4378    35.1912
-12.3417    11.0423
-4.79751    4.72424
33.2858    37.6242
-1.111    22.4848
7.3906    31.2738
46.5557    66.9454
-7.15877    16.7949
21.7499    57.5411
-6.09291    10.5521
-13.5592    11.1126
3.00025    21.6313
33.2661    51.3802
-26.1258    -13.652
2.21218    29.6267
-7.05155    1.67733
11.0087    20.2282
-3.7041    20.588
-18.8823    10.0178
19.7741    59.7148
17.741    54.6412
1.47076    21.919
10.8691    35.1479
-4.13051    7.03219
24.5238    39.1774
-21.7749    5.39112
20.6765    31.4833
41.6356    60.6291
3.16774    34.059
9.27308    21.5118
14.4849    28.6298
18.8483    50.2723
10.8408    32.1584
26.3426    44.5294
1.95181    22.0281
21.3842    45.8097
6.88738    13.5247
-4.11381    20.4747
-8.72321    11.2552
11.9231    30.7539
17.6508    33.7451
3.49386    20.5438
20.7148    30.3368
7.53711    20.6662
32.0134    38.6973
5.66601    44.578
-5.86686    17.1894
13.4074    26.7433
14.1158    33.9161
23.2643    36.0845
17.986    35.2147
9.7048    24.5526
21.4781    31.2481
-5.31791    5.88801
19.0667    50.3639
-11.6663    -2.08143
4.82182    20.3671
13.8197    47.1901
-16.9731    16.3006
21.5068    28.4565
36.6304    69.2091
23.8637    64.2439
17.0486    30.349
10.2313    30.1116
5.88575    25.4178
14.0302    30.8227
8.56428    28.3791
9.37032    37.5818
-12.8902    8.68667
2.61708    36.9571
30.9916    53.4527
32.2507    47.0111
16.8927    24.9468
13.4642    31.5816
-33.4267    -7.79439
-12.526    28.8965
-10.2034    18.9655
4.16534    18.8991
20.6499    34.5335
24.9688    54.7478
16.2323    30.2835
14.9581    39.0263
1.42696    16.5572
41.3357    61.2712
13.2398    34.1045
17.7426    39.5245
-22.3877    12.1662
23.9629    40.5075
9.09437    38.2973
18.9438    36.3411
14.7522    27.5419
4.53789    25.2162
17.0387    20.6382
17.0861    44.522
33.3341    37.5273
35.5372    50.9243
13.7199    42.6523
-2.99685    17.4215
-2.8997    40.9458
34.83    49.3246
5.952    27.6234
7.97577    26.556
15.5541    29.55
15.2972    41.4584
-5.84556    13.9925
19.6026    36.297
13.1893    40.9023
-2.60724    25.1126
18.5895    57.4847
-14.8592    18.9043
-5.31704    23.2319
4.47821    11.6233
6.13867    19.4635
-0.802055    25.3715
21.3671    41.6067
0.871331    24.2608
-6.3421    21.3852
-11.4876    15.9364
8.78792    48.7415
29.3215    47.3969
1.73598    25.7041
-5.61859    15.8818
-1.78306    12.0224
25.9416    45.7511
9.09161    29.1833
15.2241    36.1713
18.1698    41.2796
11.3814    41.1729
-3.07652    23.939
-1.95421    27.5249
-0.7624    34.3448
28.162    40.371
18.1545    33.5402
-7.02753    18.3951
7.83785    33.774
-5.82088    25.3519
-1.21229    26.0408
32.8851    33.3826
-23.657    -8.63868
27.0627    58.4357
26.4578    37.8603
20.8853    48.377
26.2252    27.3809
17.3443    48.3822
-19.1916    1.22913
-12.8029    11.742
7.0404    24.4386
7.11932    27.7387
-9.15124    7.21495
8.67355    26.4195
6.76679    28.6382
28.1758    54.1776
26.2966    38.9288
-8.33796    9.76266
17.6764    38.6367
18.284    54.5793
28.3307    45.4548
34.4973    68.488
17.9909    37.3956
19.0956    34.5258
36.8845    45.4777
-22.9267    -6.41146
5.49462    40.9833
16.4738    45.2971
24.358    41.1562
24.1563    39.0062
24.962    35.3344
2.5884    36.3877
26.3614    36.3175
28.0417    54.5773
-14.7044    7.91337
13.0963    36.2179
-1.38021    22.9379
31.2124    38.0198
11.1666    18.6449
24.9935    41.9344
30.7763    35.999
-13.935    19.9479
21.7879    53.96
21.3472    29.8425
7.7388    30.9618
30.0237    47.1874
-2.63836    17.5247
24.6479    39.0734
16.0175    41.0234
-11.5106    21.4906
-5.16651    21.9826
12.7826    7.95862
25.3542    51.4161
11.999    47.3207
13.3545    33.2371
-15.913    10.4551
19.8823    37.7305
-8.8    7.40061
9.95877    14.2298
6.80204    31.555
-8.87248    6.35603
13.3894    29.5982
15.5463    21.8578
-19.4206    2.78203
4.9397    35.6482
9.50793    36.6915
22.4497    25.583
-9.70216    4.87613
16.0126    30.3277
27.6142    38.5418
15.1497    33.623
10.2295    44.7038
-14.127    14.3339
-22.0536    12.169
-1.67718    11.2606
27.8367    48.8852
-22.8632    1.40687
4.75026    13.6105
10.0323    22.2375
3.33639    16.6043
56.9058    75.5694
-5.80252    21.3443
34.6087    54.6084
-0.076757    13.7764
44.9448    59.898
-5.88721    13.3081
19.9414    37.4266
28.6354    54.1267
-2.76893    40.2549
26.717    47.2189
29.0699    40.315
4.81122    26.7762
2.78242    26.9768
24.3738    42.2942
6.12746    31.5711
1.26726    17.1009
7.27707    23.2089
24.283    54.4981
13.9034    26.9835
40.3229    57.9726
2.71251    25.293
16.009    43.6757
0.694364    20.3445
15.2568    36.291
29.0497    38.1213
31.6825    48.2076
-5.59596    14.0618
-5.74305    22.9782
21.5569    38.1752
-23.4576    6.35587
-1.24055    14.2598
3.44062    21.1525
-1.32463    20.7681
-2.6982    25.2274
16.4824    41.0114
0.479841    22.2424
4.97285    26.9052
35.2089    58.4346
-5.48477    8.64804
3.00933    17.4595
27.7595    50.7738
12.9564    28.5199
21.2072    37.3361
22.0394    39.1389
32.6083    43.8663
13.5034    29.1509
23.6504    36.9507
-0.784954    10.6958
22.8814    49.8604
21.2551    31.2203
30.1661    37.1782
13.0485    32.8057
22.6844    45.0727
4.88132    8.95821
-2.68499    26.211
-8.26438    15.7287
3.14549    30.1261
21.0998    42.1
26.8271    42.9039
-2.66373    23.3808
7.91853    30.4613
-19.7871    4.92713
-13.956    15.5309
4.62141    17.8038
-11.6669    1.4652
12.7646    32.8355
13.0886    25.998
10.4832    36.9286
30.698    42.2611
8.65779    40.8933
-3.97891    20.0375
17.7329    27.5031
-0.925102    18.9293
31.1955    45.4047
7.05212    28.0976
19.6308    40.1912
2.16137    20.9549
23.2345    30.9325
-6.27755    8.86048
-1.87688    15.0285
20.9004    41.377
18.8851    48.5847
3.71332    22.4934
-3.16516    31.6353
-1.80816    29.3214
30.2027    48.5389
9.11361    39.0608
10.3611    50.4191
-6.61867    23.3142
15.7925    36.1075
27.1094    45.058
40.4706    51.4068
-20.9647    1.26789
29.502    50.3892
20.8741    45.9917
15.3017    35.6984
5.22387    25.6085
-0.899167    20.8987
-8.11781    15.5355
7.06772    32.5314
24.1179    57.7573
-5.46371    17.6113
14.4705    46.1676
17.8021    29.8672
2.66044    35.0141
2.04798    23.5226
6.13358    15.4485
9.75631    25.8817
24.5439    29.6694
24.9727    49.5105
18.342    30.0285
27.6662    38.3036
27.6655    38.2269
10.5735    34.1323
16.156    37.0234
18.0575    25.6646
-4.60211    23.8275
26.6702    41.538
32.0962    53.0996
21.4292    38.0471
-0.959699    28.7852
11.4184    45.1154
21.1445    48.8528
21.3572    40.1681
-10.0754    9.02368
11.0169    35.2795
0.208701    16.2708
-1.64783    5.09464
24.7882    33.7404
20.8118    42.7283
23.4851    34.1168
4.17835    45.889
12.397    38.5064
2.46209    21.4808
7.59973    23.8849
20.9821    44.9962
27.582    50.7493
19.7184    49.1731
-5.12713    8.23354
-15.1365    12.4359
10.3249    35.6557
-18.2398    2.7159
29.6563    49.0413
1.38465    23.5832
23.9939    31.7426
19.4249    34.5448
18.4277    36.6563
3.43196    8.14838
-7.72656    23.1424
5.48557    23.0798
39.3774    64.7136
32.008    61.2245
-5.99179    22.4105
-1.81883    12.214
12.156    23.5796
36.5874    59.8361
6.36919    25.775
2.34188    11.6498
15.2942    35.154
1.93447    19.124
24.2114    27.3086
18.3505    49.9663
16.5382    38.1463
8.38708    25.1866
18.0529    41.8224
9.62289    37.6776
28.0097    52.4724
9.10104    10.5895
30.533    67.7862
11.8739    36.2555
32.4127    46.7078
36.2893    47.0163
14.2132    29.2193
28.3706    48.2941
-26.8353    -0.450841
-1.5431    18.0968
0.535806    24.8623
-20.5836    -5.37338
7.59494    31.2401
-3.68142    4.48255
-17.4277    7.17528
1.06909    20.6928
0.794466    11.3151
13.1558    22.4018
7.71012    36.947
33.1052    62.692
-3.57858    19.5056
9.39103    23.7473
14.8023    44.4686
1.99517    16.6102
-0.355568    26.8614
19.4862    44.9716
24.3973    60.8663
14.7139    46.3304
10.6638    30.1781
26.5001    35.0194
-6.80004    26.7037
30.8523    50.5435
2.9181    16.3313
14.3873    21.1195
10.4299    38.5276
-13.1213    13.339
-16.9683    15.0492
1.19781    19.4863
-0.0887886    21.8571
13.0322    32.6914
14.9398    41.8334
17.2179    39.9663
1.22876    24.8702
22.1198    46.2525
-1.04594    21.5992
9.70418    33.2529
-23.1238    1.53193
28.3918    38.8541
14.9285    51.5255
40.468    55.2724
-14.2742    19.8924
13.115    39.2883
5.54086    34.6716
15.0793    34.8316
5.08134    33.2851
5.08558    20.8387
2.89286    25.2988
11.1292    33.3951
13.5201    18.0429
26.8016    50.1096
-2.54129    23.2168
3.34936    22.6591
3.91158    28.4522
8.2817    23.1506
-2.36109    15.7531
36.0523    52.4562
12.1526    36.2127
14.1508    40.1994
-3.26699    18.8784
13.3017    36.5784
10.0997    21.1542
18.844    37.5343
31.8279    33.2574
13.7467    30.5675
8.62081    28.1611
33.7716    48.9445
-24.2715    -8.47204
15.9143    36.7791
10.5262    31.4559
18.5484    31.6606
-3.2721    19.7957
31.254    34.9437
2.18513    34.8223
0.155309    10.6788
12.1681    34.6436
26.0462    33.1837
28.2055    56.9455
-3.72319    24.685
14.4216    40.0125
-4.9939    15.6506
24.9702    44.2063
8.66113    43.1144
1.61233    11.3587
21.2614    42.1525
3.52874    29.974
10.3013    29.7256
2.82695    32.7423
-26.9354    6.67366
18.8903    29.9249
25.3166    42.3439
-7.0257    4.54246
-11.5966    14.0028
9.88081    39.7348
-8.64792    38.5453
24.7426    56.6661
10.9306    48.2547
9.68155    38.3649
18.9723    39.1317
10.4779    24.2311
-9.30038    7.7588
21.3998    40.3058
-8.56292    16.1878
26.6615    35.3107
13.1869    25.5348
15.3865    39.1351
10.2929    33.2171
-3.76421    10.9172
-21.002    -0.923747
12.2642    34.5687
10.1023    15.1832
-10.8967    -5.3678
6.22724    22.0492
-2.22303    17.2096
29.89    46.5667
13.4152    25.4325
5.37292    32.0386
-9.22361    11.1827
19.7712    23.2871
17.7723    35.0665
21.3382    30.6405
10.1367    27.1198
22.2702    44.282
20.1199    48.7972
-3.81299    22.2714
14.1712    31.9135
8.55685    38.6045
6.66519    26.4261
-13.0366    2.32298
-8.55362    20.9741
1.94195    22.796
-4.51099    7.6817
1.64064    19.3287
9.14197    35.4204
9.80084    21.8119
12.3184    40.4237
24.2873    44.5968
9.95956    15.2327
24.5403    44.6404
28.3484    42.2515
17.3555    44.4861
25.1972    28.7266
1.96585    20.7659
-2.29526    16.583
9.82882    31.2924
-1.55709    26.8893
24.4923    46.8902
24.0644    39.658
19.2249    28.4151
10.4103    33.2977
12.8707    39.544
13.3412    28.4908
-2.99194    22.2883
13.7007    47.5007
4.70022    26.3643
34.5099    35.3112
-3.55193    21.1309
34.2436    67.4195
10.555    23.5777
37.3393    51.969
4.68661    31.7424
25.7087    38.9164
7.54143    34.8412
21.3878    33.853
23.1129    51.6914
18.0514    51.1557
-12.3174    21.968
7.33865    41.8084
2.36814    25.7057
11.6207    33.8673
39.2074    51.5832
10.1705    41.7906
-16.2972    6.58857
13.3901    37.8868
17.9737    31.2856
23.0462    44.9643
25.8488    39.8087
27.0081    54.1136
14.0602    26.1405
-11.3186    -3.09803
20.2176    52.6285
13.8857    23.2813
-37.6959    -11.2969
10.5763    28.7243
40.566    55.7879
3.8476    21.2273
-6.2218    22.5832
13.794    29.3593
-2.5552    13.8077
17.4072    34.0573
-3.12635    5.21963
24.3392    48.3423
13.1018    44.0775
10.9604    34.7485
31.9475    48.3285
41.2049    49.5478
15.6759    46.8179
16.1105    27.0439
29.1815    38.8501
12.3295    31.4133
-6.74133    4.52393
17.3664    41.86
28.0485    48.0625
-4.73039    17.7899
0.0466034    25.9886
23.1966    42.5542
5.72106    10.2569
5.35545    31.3019
27.7546    55.0756
-6.50072    4.48078
23.7235    39.4648
13.0031    29.6587
-2.20838    12.5309
13.1126    27.3139
16.4112    34.4412
21.8388    35.3639
5.82945    25.6477
-6.95993    -3.49061
4.67633    11.4421
23.4457    48.9471
16.18    32.7679
-6.03616    -0.462092
9.79195    24.6228
20.9964    25.8076
-2.27455    14.3412
3.14444    27.3583
0.746245    28.5703
4.81732    37.4206
35.8996    56.2868
16.1801    40.2732
1.66683    28.38
-6.98977    2.2897
-17.135    25.7235
13.4767    34.1242
10.1453    24.086
15.5076    41.1252
14.4122    11.9721
8.74769    35.955
11.4866    45.888
42.6114    71.4835
22.5147    36.6643
20.8799    42.3635
16.4324    25.7387
17.4785    34.9418
11.47    38.0964
13.2496    18.191
17.6074    36.3882
34.6709    44.742
-4.36082    5.81408
4.11065    39.556
20.0812    32.8731
12.3308    35.3803
5.72911    40.9112
3.92941    27.8192
14.437    30.9279
-3.08761    13.9249
3.04104    20.3059
20.5536    36.7856
17.5993    31.2054
13.7068    48.6279
14.2118    33.8306
12.4965    39.0872
26.6765    45.3958
25.7214    58.0328
18.3387    46.285
33.1892    52.4425
3.64371    12.3418
17.8039    30.2351
14.1067    31.4498
6.60001    31.5322
12.2569    33.9769
-10.9538    19.0991
4.95096    33.4701
-9.14658    17.803
-11.3138    14.2588
-1.50142    17.8613
18.5423    32.9252
17.4654    41.1715
14.4003    28.16
29.3851    45.6403
0.913431    30.8436
33.9678    42.9486
12.1112    37.8479
5.58735    35.2707
8.53616    45.8789
14.5033    48.9864
59.8926    74.2349
25.0777    32.884
16.6673    19.7813
-5.0393    34.3313
12.2038    41.9252
13.2765    26.2405
19.5334    45.4005
5.67606    6.56473
22.5147    47.8316
14.1145    26.5621
37.2901    47.6652
13.1233    29.7398
30.0868    50.678
15.9004    38.3381
-7.14382    19.2103
6.21225    16.2092
22.9458    35.8851
14.8432    31.6761
29.8635    46.5779
-1.12998    10.9776
8.38102    31.2329
-14.4011    14.7559
51.2171    69.2806
25.8586    44.21
0.617417    29.6766
29.5328    63.1148
16.0241    32.0261
5.74243    22.5527
25.421    57.8433
5.32033    23.3045
5.42156    26.0638
19.8823    29.5761
18.8038    34.3968
13.9712    21.306
8.53977    29.6996
6.71737    33.7713
1.07607    12.5353
29.2833    34.2167
29.7908    58.7137
2.71772    24.3057
25.5656    46.9597
-1.36304    18.4378
29.1118    39.4828
-4.21768    16.5401
3.17335    17.5315
-5.52886    25.926
28.056    45.74
31.2513    58.7757
4.17095    40.3437
2.16738    24.9818
-0.528383    26.6288
24.2548    39.4553
32.2248    58.6915
-14.8686    11.1001
-4.364    13.4389
25.75    41.1816
8.8406    21.804
18.3975    41.8571
-5.80909    14.5849
-8.86532    3.99654
27.384    62.851
-4.51465    15.5762
60.7742    83.1717
16.7862    15.4009
36.4605    56.0687
3.7924    27.1973
10.8244    46.222
39.3899    29.3355
-6.10174    11.6164
14.0467    31.7842
21.0132    48.9187
-4.95087    23.6471
17.9172    43.9584
43.8087    55.5653
2.4503    30.4426
10.3467    28.7247
4.61988    7.49363
-8.88284    -8.14801
9.93458    31.9914
1.70759    27.9331
4.51224    32.0066
8.26121    24.0758
5.75757    10.7525
10.84    29.865
7.64684    25.5968
11.0179    34.3723
18.8096    34.3838
48.3618    65.4869
-5.65355    21.7316
12.673    28.3108
21.8256    29.8075
18.2809    51.537
0.724897    25.7327
24.3584    36.3739
-6.83931    35.0341
-20.0835    3.02637
0.620427    20.3385
9.84043    29.9523
-3.3039    21.523
12.6529    39.7217
40.0976    54.5344
-17.6505    14.9356
32.2335    46.531
26.1878    45.3657
13.582    38.6717
-11.6091    -0.169544
21.3315    35.5472
29.5593    34.1604
-0.48898    10.5884
27.6559    43.8827
6.68388    42.8513
18.584    28.3571
-0.777916    25.2785
3.27514    30.5625
7.54141    16.8556
4.12537    28.3238
-0.417017    23.7814
7.00667    22.5771
7.36653    23.4943
16.2584    36.1416
7.30419    42.1534
17.7195    53.3592
-5.71401    6.04384
14.6686    29.6185
11.0525    22.3064
14.2147    34.9798
3.38907    19.9102
9.90926    23.0924
4.54029    25.6168
-3.16719    25.4165
18.4236    34.9484
12.4772    45.3598
14.2545    35.0588
25.4416    47.5477
-5.74091    19.2891
9.18431    32.0493
14.0931    42.4807
2.89636    30.8333
10.5194    45.073
19.7291    35.2441
13.71    33.4048
18.0944    33.976
4.63629    26.2141
24.6217    46.2561
17.4159    29.2515
26.1466    55.7799
-1.56304    25.8166
23.6179    46.0311
21.6457    48.3587
-3.02473    17.6896
19.6661    23.1399
22.3001    33.9645
12.6148    24.3057
28.662    42.2348
13.5671    25.6777
4.24345    19.2678
35.2103    60.845
8.68088    24.1606
4.73634    23.3301
-17.4965    6.26978
24.3355    42.3782
21.4595    44.5152
8.64608    28.8547
5.68675    32.0885
2.28501    18.5583
2.78296    18.3179
-1.75023    19.9603
1.24394    23.7264
50.5893    63.764
6.80281    26.4487
-0.57217    27.5252
9.93142    49.3277
14.2051    40.3064
-5.50146    18.0054
-0.428959    18.2867
-4.79394    2.89018
-7.09016    20.7525
4.84583    30.0053
5.63153    30.4765
-10.5897    9.83746
9.15876    25.1976
1.75217    22.6699
22.9647    48.7865
9.0739    22.4208
39.1125    53.3731
27.7365    32.7147
15.514    34.7926
15.0568    37.3942
10.3612    39.4183
0.359861    36.671
28.0025    39.8742
5.70704    17.1715
18.763    36.1634
0.712385    21.9944
20.5115    40.3175
2.84247    23.2963
20.449    44.0238
1.41597    19.4339
16.6979    35.7201
18.9534    38.6607
39.6149    73.1672
2.80264    24.8855
15.0443    34.4479
18.7531    32.5744
-3.17234    7.7306
-5.93515    22.5789
17.9843    31.3212
12.8904    25.5202
8.4518    32.6037
-6.99203    -0.473559
21.1582    43.0081
46.2807    55.5349
4.71337    28.1007
25.3739    44.9684
16.455    22.1298
48.2899    52.2131
3.11051    26.3565
20.8958    42.4599
21.4074    35.7609
9.3992    24.4616
4.67575    20.7139
-17.4181    1.23352
24.8515    33.8659
12.4909    21.439
-9.8721    17.3472
14.9613    36.5395
24.7282    47.8899
-3.26639    9.68475
11.1717    11.5426
12.3271    35.6069
-17.8612    4.10642
24.2073    31.6033
-0.828713    0.48648
31.1965    53.3893
21.2915    38.2705
22.5087    28.8555
1.46061    22.8605
34.3542    60.7661
-15.0108    -0.036864
36.0536    43.3433
2.13264    20.1177
8.54727    15.8091
27.6999    46.8717
-5.83352    15.0064
1.92757    30.0277
-4.37652    20.7286
9.69794    36.384
12.7447    21.6638
17.7791    37.7245
-5.35111    24.37
34.7598    43.61
12.2189    40.8441
13.4802    35.5471
9.19905    33.8122
27.5234    30.8499
4.64018    34.6461
12.8456    46.6279
4.82361    21.3281
24.198    47.6194
-0.0628108    14.3264
12.2151    27.325
-15.2467    8.52855
13.4078    37.0623
17.0962    34.2635
6.77803    21.6268
20.3741    43.3512
-7.70239    7.84226
10.199    36.8562
-2.42931    18.5197
41.05    56.4931
-5.7933    6.5693
6.70553    30.0111
9.85221    34.2719
-4.21189    33.888
22.124    53.6984
21.4814    44.9924
-11.8331    10.512
18.903    44.9854
10.2923    20.0144
7.04156    29.9221
-6.44746    18.1799
2.0394    38.498
35.3997    61.6215
5.40761    27.1138
-2.38896    16.9404
12.4017    41.6079
14.9218    36.0534
25.2253    39.6698
4.54105    24.1111
14.5438    30.1397
-1.4842    21.0036
4.93519    20.6463
49.6381    65.2797
8.50855    32.5899
3.24608    27.4787
-0.274874    18.3988
14.1206    33.4449
-0.0539883    35.1846
8.46974    21.2764
3.81558    19.1858
38.3928    47.0067
24.6516    20.3631
13.5164    33.5996
6.05276    22.1916
14.3268    27.1676
15.4559    27.3216
20.9518    47.7948
15.246    31.7443
7.06111    22.2446
32.2695    51.7721
48.4493    68.1353
8.12385    29.4328
15.334    43.9747
-3.62696    15.6082
-23.6503    9.80018
-13.07    18.0473
20.3575    47.9684
-0.0941511    29.5324
47.0617    48.6323
-26.5141    -8.34554
11.5514    19.3329
29.1369    58.7822
32.9193    69.1063
8.23688    28.7818
-5.86737    16.7974
19.852    38.786
33.623    40.1245
22.7784    39.3544
18.7175    39.7495
-11.7632    4.40973
1.56968    17.7125
2.98606    27.4966
-7.20409    9.66044
-1.79477    28.6868
41.7805    55.3584
24.315    34.4369
-3.16998    21.0363
5.8789    32.8437
1.30575    29.5951
11.1513    20.284
10.6777    23.4137
18.3927    24.5614
-11.8336    14.7887
19.6043    36.8658
6.39607    20.2282
32.824    47.9694
-2.55833    23.7463
2.9854    37.941
43.2262    53.5695
24.2231    59.5806
13.631    34.7661
8.42465    23.0575
9.87101    41.6929
-32.6707    -6.46033
2.49008    35.7877
18.0352    33.5227
10.0251    28.4001
7.76033    31.8619
8.99417    30.0324
9.14102    31.9292
19.7288    38.454
10.326    37.2965
18.0475    42.1649
22.846    60.4766
-22.8146    4.39712
13.706    34.5818
5.08278    8.06165
36.02    52.6754
14.8202    34.5869
0.762044    8.17491
-3.84647    9.4494
9.47756    26.721
22.2421    41.4107
29.1785    37.1558
-16.0649    10.9557
19.6986    46.9335
0.315346    24.1144
8.52264    26.7698
-22.0944    17.0618
17.5837    30.1161
-10.8545    11.873
16.9244    40.1311
-22.8475    -4.83783
45.3089    60.0102
28.9092    36.9754
18.7842    45.2783
13.9099    24.0314
26.7497    48.4943
-1.39809    26.0933
-1.67877    33.0799
7.32806    31.7734
19.2243    32.9019
3.35058    20.59
11.199    32.6051
26.0007    30.2108
14.5092    41.8633
2.14699    36.3517
26.6034    47.3906
12.6495    44.3334
17.2205    40.945
15.32    43.0992
6.35946    22.1883
19.9653    50.0493
26.5447    25.3899
11.9393    42.464
43.3245    52.4741
24.3459    42.7895
33.653    39.0463
13.1705    26.1156
-29.2508    -3.82635
-2.2552    24.8174
9.23734    29.3984
25.0863    39.5796
6.65508    29.6144
-14.5598    2.28858
-3.79799    22.0645
2.02467    37.9083
33.4417    36.6896
2.63952    34.8985
13.8364    38.0871
8.55321    31.9246
5.57541    21.2568
26.7119    51.1349
-1.761    31.4667
-1.54353    22.6436
20.9137    46.031
4.89385    22.8457
30.5591    41.3453
25.0415    29.5708
5.14893    13.1197
-18.6004    15.8439
8.03804    35.6622
4.85772    17.5688
7.11352    28.0301
33.2699    45.4849
18.9446    32.5476
27.8631    38.8619
7.62216    27.3699
-9.35283    26.3356
9.36043    26.5889
-3.82582    28.4902
4.48041    34.04
37.4385    52.9643
10.6646    28.0555
30.4859    67.9692
3.39046    16.8615
28.6782    48.3338
14.1908    34.6582
32.2676    48.595
7.60004    20.916
36.109    37.5105
11.1601    26.7213
-2.60516    22.035
16.2118    35.2594
15.3519    49.5351
0.945835    44.9634
-10.9201    13.4467
10.4614    18.9261
4.38728    33.1641
16.894    30.7381
-8.12094    26.0897
13.8459    32.1971
51.0202    63.879
-6.58969    9.36937
0.600433    30.8583
8.2242    29.8993
-26.8867    -0.0369663
3.21405    17.1266
3.48048    21.2917
9.13312    33.4699
-0.940006    24.2013
13.6407    46.153
14.6911    44.8324
-3.08014    10.3404
-10.9957    6.47115
8.83208    28.4127
26.5368    47.0186
8.20217    35.478
17.0659    31.638
23.7064    57.4312
0.200521    6.19004
-6.55469    21.7762
7.28477    36.2912
13.7933    36.4975
2.517    33.3809
-3.89287    14.5064
3.27092    36.5182
14.9908    27.3757
4.02226    42.0628
39.0478    58.5618
20.5632    46.097
-4.2794    27.5329
8.97892    16.3352
3.89428    31.0131
32.1972    54.126
12.8215    29.1249
24.1587    44.5701
9.84329    16.8947
-3.14806    12.6121
14.1525    31.3515
6.29705    38.0377
-22.0529    -2.42266
5.11044    27.4964
5.35746    41.638
-5.16226    25.2054
13.7039    42.8439
9.54039    43.5404
-0.448892    13.8823
37.0768    60.0384
14.7069    35.4256
15.6166    34.3755
3.54112    20.205
33.3586    46.2681
14.0017    30.5905
-3.94928    22.2182
18.5279    59.0403
17.156    36.6442
3.04201    20.3366
9.86731    25.3253
-10.3464    11.3013
-5.10947    21.5409
8.20299    32.5281
11.4316    32.5204
-14.0214    21.5771
29.089    45.3843
36.6453    50.0025
22.2105    38.2857
5.28482    23.9743
0.934756    22.59
19.1366    47.6587
24.8941    41.7367
-3.62832    12.6669
13.9581    52.3886
37.0714    57.4645
27.9918    36.7439
33.7049    50.1795
26.7184    36.0932
-10.3257    8.7102
0.70774    27.6064
2.00755    19.8361
16.3722    51.2767
-2.43706    9.72245
42.9817    58.1877
-2.69134    21.3329
18.34    45.2735
14.8049    32.7285
-21.8969    17.4024
12.8392    40.8066
1.46695    18.1163
29.2222    43.3218
-1.71504    23.8551
24.805    46.6966
18.4397    49.864
-17.4189    0.0498482
7.69823    24.8028
20.9189    42.4311
-11.9258    17.9163
23.7913    36.6307
24.5542    33.0899
30.6891    55.8202
5.46926    37.8088
-14.0311    9.7731
-4.55668    31.9312
-0.371446    26.2968
-11.1553    19.0845
16.5136    26.5005
12.8884    34.4386
29.3667    37.9427
28.0797    37.9379
-8.94988    17.9044
2.46695    16.908
6.3079    21.4832
-23.5182    6.16059
1.70564    25.672
-26.1168    1.33054
28.0059    34.7625
-9.27355    15.4826
21.7443    32.6753
33.0976    52.1307
6.19496    19.4584
6.44364    23.7009
2.94635    21.6815
-4.13308    10.2316
6.1367    39.2405
20.07    21.5279
0.455598    30.3076
-20.7304    3.35384
2.25795    23.9846
6.03422    22.0215
22.6754    54.2726
8.64426    22.0259
34.1863    44.1699
-8.49694    19.4625
30.6722    51.4886
12.0052    25.0506
-0.160356    37.9235
12.9909    21.3965
15.694    37.4153
0.896055    19.2213
8.02727    17.5764
7.04539    24.5004
13.8627    37.1109
-6.08131    27.2858
-4.30019    15.55
-3.87089    17.1724
20.1347    48.3743
42.3223    57.6862
19.0665    45.5807
21.604    38.5093
25.9716    36.1894
23.1789    43.4227
27.2987    43.3335
25.4699    38.0474
44.482    59.9934
24.1139    46.9833
22.0817    28.4336
3.80392    21.7946
19.2026    40.5261
-6.95305    19.5012
12.4745    34.7421
2.35873    21.1475
19.3534    36.1978
24.768    36.6411
6.25919    20.8746
17.4852    42.7434
8.97113    34.9533
2.29671    35.0143
-24.8944    1.09177
-11.8544    7.25038
49.3827    56.5655
4.26649    16.1087
16.9203    33.7011
-17.1382    -4.76247
25.9083    34.4042
7.4529    10.7361
17.0651    51.2102
19.2282    44.1329
-2.74418    21.7014
-9.01896    3.59352
9.62345    29.4222
23.0306    38.0846
17.1066    40.9945
-0.313671    42.3408
3.56177    37.9235
23.6979    37.8281
-4.18533    18.5644
-3.48388    3.25074
3.71483    17.0115
29.4686    48.5427
11.6985    29.5071
1.92241    25.08
-0.665201    19.6813
5.33353    14.2929
-11.554    18.3737
-3.88242    20.4561
-1.3959    28.3073
2.61385    26.6592
-16.8248    5.3203
13.1536    34.7586
19.1412    42.6637
-3.07058    12.0857
13.1482    36.4985
-9.82419    15.4694
3.10012    33.4938
15.589    45.8076
9.31993    45.7709
35.4024    48.9773
1.6446    35.5268
23.6722    41.6743
1.89443    18.9885
22.7283    36.671
5.78298    14.1505
-5.92909    14.129
7.28898    19.3527
20.8251    22.343
-2.53002    3.37242
13.7015    25.051
8.57345    33.2205
29.3051    41.6954
28.0369    55.4537
-6.13177    20.5397
9.06817    26.3221
33.5724    40.5633
14.6165    34.5518
16.3429    24.6836
40.2118    46.5986
10.4187    51.9908
41.1924    65.9598
-2.54205    19.6033
-0.863643    31.7562
13.6471    34.76
21.2349    35.8086
-6.92247    21.2771
24.2092    40.683
-1.52524    18.1932
10.7751    12.188
3.07835    24.441
3.60378    37.9332
-0.931709    21.0866
-0.907815    16.7009
2.82476    23.2584
18.4891    45.8941
11.1353    31.0617
-1.70744    21.4216
47.414    79.5177
19.6101    48.6629
10.7421    41.9537
15.9314    33.5078
12.3988    19.2157
8.88353    32.787
10.3157    34.6905
-8.22127    5.67547
14.5911    43.1912
-10.9258    5.90971
35.6656    51.1743
1.88402    20.6763
-15.8256    15.8846
9.45669    37.1562
-4.01116    14.7683
-8.24229    14.1562
-10.8302    6.05332
11.6526    9.84497
17.4153    25.9674
7.13996    42.0466
24.5344    37.3595
0.89185    15.9159
27.3117    50.6033
9.90617    44.6739
17.8796    42.7515
9.74228    36.4558
8.17797    32.448
-9.61177    20.2668
3.72224    27.7164
12.743    33.6903
-4.50093    19.2622
15.4623    31.631
-21.8272    14.7347
22.1967    30.6063
0.291048    12.3671
18.1278    42.8614
13.3494    42.5296
24.6427    47.3592
3.6651    30.6847
2.95455    27.3736
24.1037    42.8753
26.7985    50.4841
18.6971    43.5331
20.4972    47.4641
19.9166    37.933
42.13    56.846
2.55292    25.0388
25.7808    56.7807
0.390844    27.6033
30.619    62.4144
19.2871    19.9869
25.9291    36.2904
23.7784    50.9436
2.51871    35.6862
26.6035    47.57
3.78095    26.7398
22.3043    50.2751
-29.7729    -3.21797
1.93536    18.9571
31.6405    54.1992
7.0163    37.6963
8.07978    31.104
-18.0084    3.22189
-6.51072    20.0136
-0.484365    29.0544
16.9954    32.6332
26.2213    39.1846
8.3701    21.9326
3.18436    26.2155
0.900842    17.0422
-1.89615    19.2976
19.7995    46.7118
19.7745    26.1465
17.5534    25.3843
29.3834    53.1314
31.3276    43.1477
5.70023    36.1176
31.5255    41.4366
30.664    31.3429
15.4714    44.3891
20.2324    33.2242
-18.9226    11.8793
4.06309    11.9656
39.0943    60.3641
23.0896    50.3909
-5.70734    18.2751
8.09561    21.1867
3.88021    41.2417
29.5282    45.0261
-15.3594    13.625
0.531593    21.664
2.43447    22.1251
-15.229    -0.623709
-7.22923    6.43912
34.4253    52.8619
-11.1174    15.1274
17.1458    46.7639
21.0092    41.9077
19.2683    30.5949
12.3149    33.8785
18.6882    20.9749
5.70449    31.5135
14.2699    37.7253
14.9298    38.9541
1.40831    35.8194
6.35321    16.6527
57.9055    76.045
-7.96898    6.20016
20.4125    33.0608
13.5415    35.1632
25.7975    33.8396
-1.06687    29.6899
-2.95283    25.4449
34.798    37.1079
-17.7694    3.03805
-10.5595    14.8297
-7.62034    11.926
16.674    33.3672
-13.4218    10.5283
0.49927    33.146
7.29964    43.3421
12.2573    39.9347
3.06594    22.5151
23.5042    36.9157
10.1974    30.7764
31.0968    66.101
-2.75899    16.859
33.3573    49.984
16.4591    36.7337
18.0116    33.4378
-9.50544    18.4134
12.1401    43.1407
-16.6639    6.68183
-3.45414    18.7102
19.3574    30.4399
20.4953    38.5301
-10.2012    20.5921
-10.5443    0.959266
0.146874    23.1104
-11.9429    22.9096
-7.35026    20.2708
4.01962    21.959
12.1734    24.6719
32.8487    49.6606
13.6524    32.9382
26.539    45.7341
2.24561    22.0195
-19.3283    19.7543
49.6615    70.2477
27.7433    50.6661
30.1549    55.8454
9.92498    26.9395
21.8889    40.7024
5.36654    31.548
31.3702    36.4811
22.9653    40.6927
24.0856    39.1545
45.185    59.2848
29.9959    41.3288
-1.59807    18.55
19.488    45.5544
-5.02915    12.3559
9.61792    23.0133
25.9595    26.5327
27.9798    49.2049
-10.1671    20.0792
18.9595    31.9081
4.50327    20.6808
12.9888    33.2945
46.0112    53.7424
3.86072    14.4203
18.4369    38.4816
-6.73315    25.5924
25.0781    34.7711
6.88597    24.5853
-1.50329    40.8118
29.6035    48.7432
23.5123    41.7742
22.4061    33.118
26.8791    38.0108
5.49    25.2908
17.216    45.3639
6.23271    21.8777
17.8098    35.1965
-4.26626    19.158
25.0347    42.2413
42.9019    70.4264
9.01879    40.5625
2.67245    15.3913
-1.74291    20.1774
24.2847    28.0348
16.5241    37.2461
6.15119    26.3464
0.413604    27.9722
-12.3993    5.39629
-6.14796    4.59464
38.5025    64.4501
31.9372    37.974
-19.1248    -2.9479
-19.6563    -0.872872
11.2332    38.2538
23.7634    49.3795
17.7482    29.9585
0.0887913    27.8888
-0.777315    33.1713
-8.63519    23.7746
28.4724    62.5766
-17.6477    -1.09673
8.67758    31.421
41.3091    51.1581
28.2738    36.6129
-11.9967    13.1786
4.62621    29.2661
10.9379    29.9457
25.1784    42.8942
15.3964    35.7958
-0.183717    23.742
12.1609    29.0533
24.7601    48.2094
3.78868    15.2271
23.156    48.1883
37.3468    55.6283
24.2309    44.9866
5.5788    41.3513
-25.5778    -3.00936
-11.1759    8.76152
-1.81281    8.64193
21.5205    29.7198
-14.4121    15.9007
-4.31202    24.2414
9.08072    27.8279
-0.749578    26.9381
-3.88427    31.3592
-9.67827    21.2461
6.78632    28.9223
25.7494    49.3395
5.80644    31.7175
13.7723    25.0211
12.0737    28.2531
27.3507    59.3207
18.3127    57.4213
12.0223    32.7648
18.192    35.965
-0.0709543    18.8815
14.0089    40.8363
-0.371125    22.247
23.639    46.2993
-16.8933    10.604
26.5416    55.5156
33.8225    59.1439
16.2996    33.7323
43.2875    62.9521
-6.07317    20.6563
-11.165    7.48815
-12.5399    17.1643
-18.0336    -0.169813
20.404    40.5454
12.9133    30.4681
21.1653    27.2407
4.79051    28.7826
8.14052    28.7046
3.26575    30.5346
27.8611    59.7049
12.2562    34.8321
-5.02318    25.0485
1.71089    23.6182
15.0205    33.5459
19.3177    28.8654
12.1539    39.3596
22.081    36.1481
-6.55235    10.497
32.0496    55.6973
-29.1826    8.65408
19.5916    23.652
-7.88588    19.3955
14.1883    21.5049
12.8915    24.2012
-0.406052    28.8884
-12.3586    11.3214
18.0038    57.8398
7.45395    35.7655
38.9973    62.8057
-10.3284    7.95997
24.7141    46.2434
-31.6944    -10.5577
28.7951    40.8854
12.6194    28.6537
10.1611    44.8734
11.2842    25.4692
-9.41874    5.28874
28.5491    49.5838
-22.0768    0.24413
6.11095    24.1862
19.3813    38.2952
36.9051    66.7944
14.9847    39.0006
-6.93466    12.1778
-15.7037    1.81761
9.97283    33.6384
18.8121    45.4014
33.3524    43.945
0.260654    21.0627
13.8103    18.984
-7.61621    20.0556
13.7955    35.0352
-7.23123    -0.910534
22.5057    45.7709
-3.56991    35.4617
4.16371    30.0834
14.9321    28.8787
24.0848    35.2434
-12.6717    2.32779
-5.3435    26.7574
0.419015    25.1705
22.7303    53.193
34.0392    51.2182
-0.597094    30.0459
56.5713    66.3597
12.5123    25.664
36.2871    50.0821
-15.4045    6.87939
5.47939    22.1593
1.70399    28.5829
21.1846    42.0276
9.92805    33.646
5.16154    31.9644
-9.62638    22.3348
14.9096    32.7734
10.9534    22.9177
5.84222    29.6896
15.5385    40.226
6.15783    10.9791
9.41347    39.0762
-22.5213    0.00367467
0.251992    24.5276
10.4309    22.7588
12.1992    37.8263
10.9208    49.0709
17.3194    47.5088
-8.76306    12.8704
-3.38724    26.8948
-4.8279    6.17198
-5.77607    23.1613
17.6372    35.243
13.7906    16.5122
9.42297    26.8929
16.6487    42.0166
-6.74041    3.86963
12.6835    30.8233
7.36328    19.9429
18.447    44.7787
-16.9018    24.824
27.44    50.508
-22.0226    2.90207
9.00118    30.8225
42.8973    54.3691
32.4646    46.7499
15.9306    30.3609
8.86037    28.2262
22.2931    52.4317
6.60225    35.0347
17.1227    36.0746
21.1059    40.1224
-18.4873    -0.044023
-17.2352    4.32807
13.3719    17.454
-0.355536    18.8901
9.57335    24.8452
25.3423    50.1126
30.2999    45.7912
-12.1512    15.9909
3.35797    15.644
10.3839    26.0883
33.7549    58.143
-5.84214    12.2428
-5.00847    13.5577
25.5644    46.9301
15.5333    39.1389
-3.78694    18.7144
-8.80686    5.9094
19.864    32.9115
11.839    33.2226
10.4883    33.5568
39.3171    53.4936
18.0358    39.8998
40.719    78.0635
29.4193    53.0728
-4.00697    22.6979
14.9773    30.4796
-12.1556    19.3299
20.042    46.0879
28.7374    38.5516
3.12822    12.2227
3.52983    35.3643
23.252    41.8931
-6.30919    16.0815
17.5622    43.9951
2.95838    30.7718
14.062    45.4467
17.5629    31.1742
8.65927    27.574
34.1348    42.6925
2.51375    22.0199
29.9649    59.0784
34.11    51.9547
5.37357    40.332
7.43946    25.3902
24.2801    33.7823
15.5635    23.4677
2.49531    26.1594
12.614    41.5234
6.2078    28.1967
1.19701    11.1878
-4.95085    15.9648
52.2943    63.3561
11.6499    31.7379
26.5578    41.1029
-8.26537    21.1683
36.1644    56.907
11.6723    23.7998
-2.46892    1.24228
23.5567    51.1536
-20.0463    5.251
8.77186    32.9537
-10.9191    15.5692
2.35681    23.835
12.6629    42.3578
16.2579    29.8191
-10.8453    0.385553
12.0007    29.4316
20.2114    41.3345
-11.4411    12.2804
-2.00361    14.2887
-7.7944    28.2959
-4.98832    13.2789
10.816    33.1758
7.94937    33.0488
24.8386    37.4396
-10.2517    19.1772
8.87356    25.004
11.4737    19.3682
11.2125    26.2128
9.48786    25.589
-9.40066    3.48398
-7.51351    -21.0097
0.713471    37.6044
17.2873    29.031
24.5841    44.2702
-7.87034    19.7925
-9.46068    2.04692
-4.22894    17.5982
5.81937    30.2902
17.0256    43.5334
-25.7128    7.96397
1.6964    42.3918
47.264    64.0884
42.5376    68.2022
12.5798    45.6287
8.92878    22.8782
18.8218    39.3559
22.9147    48.1022
-3.59498    18.7215
12.5862    34.7464
5.08115    19.2813
11.6544    12.285
1.70673    24.4964
2.94564    17.2466
-1.16096    18.7028
16.5235    35.6199
18.2965    44.8867
48.4354    64.0679
10.3633    34.3463
21.5112    41.465
-0.77784    12.9784
3.18736    30.0311
2.93965    24.8343
-12.8012    16.0394
20.5772    39.0394
3.08029    22.4701
5.75039    28.5844
15.0043    32.6029
25.4046    29.8332
29.1921    55.0908
26.2956    46.1219
-1.65918    5.06084
7.27526    44.1942
6.36243    29.8949
41.9002    58.4492
20.8219    48.5309
17.3712    45.5603
20.0231    34.9862
-20.7299    8.71279
-2.98537    22.6237
-9.88185    17.691
-8.69764    11.2882
8.40432    40.7159
-3.45797    29.9988
-6.73284    19.1889
18.202    34.5377
-0.850411    12.1473
27.397    43.8192
14.714    16.7604
7.11879    31.1768
-12.5877    5.90279
20.7029    43.2434
-1.21016    22.7121
16.4784    31.1805
25.5114    39.7052
21.7462    42.3578
24.3102    40.6315
13.8858    41.8616
16.0358    34.4456
-5.3197    32.4574
11.4237    27.6142
17.3123    35.4977
1.40615    35.2547
3.14308    34.2833
12.1137    34.4397
-13.0003    12.4716
0.888667    30.878
5.33813    22.1722
-0.668754    25.7733
9.15385    30.43
10.3512    27.7591
-2.39374    31.1381
19.8004    35.0265
-8.74895    32.1684
24.4075    29.9967
-6.17726    21.8574
14.5765    23.9461
-0.366204    6.38579
6.38679    18.8002
27.2403    59.5523
7.28377    21.4849
16.3391    27.4851
5.87997    23.5584
-6.14959    27.403
-2.85988    23.5288
-6.80583    13.0487
6.97873    19.8373
4.9522    24.0541
-12.5807    18.0299
22.6417    45.1515
-27.5464    14.197
14.1403    38.6208
14.3629    30.7941
33.5234    43.2846
18.9257    43.9103
22.6796    28.0295
14.6636    47.8623
34.9176    54.5322
30.1847    53.775
14.4295    34.8427
2.76076    20.9286
-1.24922    22.5422
0.276546    25.1994
17.4925    36.2604
31.4859    30.6741
20.0328    33.5238
10.3195    33.5558
15.2862    43.7477
16.3288    40.5464
5.15619    47.829
10.8612    35.8199
10.0808    28.2127
27.2316    38.7565
-4.34988    20.2704
19.24    29.9805
26.9065    54.0987
14.9036    48.3837
5.53085    15.4112
27.4709    47.2134
-1.37154    20.0504
-20.0466    2.59235
10.2023    30.4871
10.1339    31.5852
-5.90101    8.56987
29.8913    53.6827
32.2963    45.4824
46.4619    67.5964
16.7561    31.5754
25.201    40.9831
55.988    67.7563
23.7807    60.9966
20.1275    43.0617
-19.6066    3.21373
37.6821    59.2143
4.41795    2.10518
12.6369    41.849
18.1492    40.2388
-0.374443    34.6374
-11.0469    16.4167
20.2497    37.6283
6.71373    24.1966
0.727134    26.0441
25.4864    49.0972
-2.96894    26.1536
19.1227    50.1883
-0.439357    13.3076
7.10479    24.7827
3.62163    15.4588
10.9213    2.03671
18.0576    35.5822
-2.0571    17.9381
12.8731    19.0132
17.0176    19.0402
-12.5153    13.1343
0.588161    32.7809
8.46697    43.3505
14.6343    45.5268
22.0263    37.3558
30.5909    45.4549
9.54935    23.218
-9.20368    1.05704
-3.40949    24.5276
11.2169    29.9659
-7.575    2.83687
12.1057    12.4332
14.4853    35.0455
25.1823    45.5099
-12.7696    7.87594
10.0515    45.5417
16.5581    44.5539
2.99558    17.5992
15.4597    44.9232
14.4861    30.5093
-1.68451    20.7707
18.7104    50.2961
6.19457    24.0634
4.06165    33.1138
6.27861    28.1921
1.38865    28.3162
1.62272    14.139
26.2879    46.0249
42.053    53.5708
0.751833    14.3316
-2.10398    16.4865
19.1615    39.6302
11.5064    38.7004
27.7536    53.2961
